time_s  pitch_hz  duration_ms  (20 ms windows; noise clicks read as high/erratic pitch)
   1.90       380          100
   2.00       500          220
   2.22        80           20
  32.84       100           20
  32.86       250           20
  34.14       600           20
  34.16       900           20
  34.18       400           20
  35.44       150           20
  36.74        80          140
  38.04       100          160
  39.34       100           20
  40.64       100          140
  41.92       150           20
  43.22       250           20
  43.24       350           20
  44.52       100          160
  45.80        80          140
  45.94        20           20
  47.10       300           20
  47.12       480           20
  47.14       220           20
  48.52       280           20
  48.54       780           20
  48.56       950           20
  48.68        50           20
  48.70       480           20
  48.72       420           20
  48.74        50           20
  48.86       820           40
  48.90       420           20
  49.06        50           20
  49.08       950           20
  49.10      1050           20
  49.12       400           20
  49.24       600           20
  49.26      1000           20
  49.28       450           20
  49.40       620           20
  49.42       800           40
  49.56       180           20
  49.58       380           40
  49.62        50           20
  49.72       100           20
  49.74      1150           20
  49.76       950           20
  49.78      1020           20
  49.80       600           20
  49.82       700           20
  49.84       100           20
  49.94       120           20
  49.96       700           20
  49.98       920           20
  50.00       350           20
  50.12       500           40
  50.16       250           20
  50.28       480           20
  50.30       780           20
  50.32       850           20
  50.44       320           20
  50.46       900           60
  50.52       750           40
  50.66       220           20
  50.68       420           20
  50.70       480           20
  50.72        20           20
  50.82       150           20
  50.84       780           20
  50.86       980           20
  50.88       300           20
  51.00       980           40
  51.04       450           20
  51.16       650           20
  51.18       850           60
  51.24       980           20
  51.26       580           20
  51.38       720           20
  51.40       820           20
  51.42       700           20
  51.54       520           20
  51.56       980           20
  51.58       850           20
  51.70       350           20
  51.72       920           20
  51.74       820           20
  51.76       300           20
  51.86        80           20
  51.88       480           40
  51.92       250           20
  52.10       580           20
  52.12       920           20
  52.14       350           20
  52.26       700           20
  52.28       900           20
  52.30       650           20
  52.42       300           40
  52.46       420           20
  52.58       150           20
  52.60       620           20
  52.62       900           20
  52.64       120           20
  52.80       200           20
  52.82       920           40
  52.86       150           20
  52.98       500           20
  53.00       450           20
  53.02       200           20
  53.14       750           20
  53.16       800           20
  53.18       600           20
  53.30       480           20
  53.32      1000           20
  53.34       880           20
  53.52       250           40
  53.56       480           20
  53.68       380           20
  53.70       780           20
  53.72       920           20
  53.74       150           20
  53.84       200           20
  53.86       820           20
  53.88       880           20
  53.90       300           20
  54.02       350           20
  54.04       420           20
  54.06       320           20
  54.24       850           40
  54.28       420           20
  54.40       750           20
  54.42       900           20
  54.44       650           20
  54.56       180           20
  54.58       350           20
  54.60       450           20
  54.62        20           20
  54.72       300           20
  54.74       900           40
  54.78       150           20
  54.94       220           20
  54.96      1050           20
  54.98       850           20
  55.00       280           20
  55.12       380           40
  55.16       220           20
  55.28       350           20
  55.30       520           80
  55.38       580           20
  55.40       680          100
  55.50       780          160
  55.66      1000           20
  55.68      1050          300
  55.98       720           20
  57.44       100           20
  57.46       400           60
  57.52       450           20
  57.54       520           40
  57.58       650           20
  57.60       880           20
  57.62       980           20
  57.64        80           20
  57.74       320           20
  57.76       850           40
  57.80       920           20
  57.82       820           20
  57.84      1000           20
  57.86        80           20
  57.96       100           20
  57.98       500           20
  58.00       350           20
  58.02        50           20
  58.14       950           40
  58.18       600           20
  58.30       720           20
  58.32       920           20
  58.34       720           20
  58.46       180           20
  58.48       300           20
  58.50       480           20
  58.68       300           20
  58.70       920           20
  58.72       780           20
  58.84       180           20
  58.86       920           40
  58.90       320           20
  59.02       450           40
  59.06       250           20
  59.18       680           20
  59.20       920           20
  59.22       700           20
  59.40       720           20
  59.42       950           20
  59.44       720           20
  59.56       150           20
  59.58       500           20
  59.60       450           20
  59.72       320           20
  59.74       920           20
  59.76       780           20
  59.78       220           20
  59.88        50           20
  59.90       820           20
  59.92       950           20
  59.94       320           20
  60.10        50           20
  60.12       420           40
  60.16       220           20
  60.28       620           60
  60.44       620           20
  60.46       680           20
  60.48       750           20
  60.60       420           20
  60.62       880           20
  60.64       820           20
  60.66        50           20
  60.82       480           20
  60.84       950           20
  60.86       700           20
  60.88       120           20
  60.98       150           20
  61.00       850           40
  61.04       220           20
  61.16       880           20
  61.18       820           20
  61.20       500           20
  61.32       220           20
  61.34       420           40
  61.54       620           20
  61.56       780           40
  61.70       480           20
  61.72       920           20
  61.74       850           20
  61.76        50           20
  61.86       120           20
  61.88       480           40
  61.92       120           20
  62.04       820           20
  62.06       950           20
  62.08       580           20
  62.26       980           20
  62.28       800           20
  62.30       580           20
  62.42       280           20
  62.44       500           20
  62.46       280           20
  62.58       380           20
  62.60      1020           20
  62.62       800           20
  62.74       350           20
  62.76       750           20
  62.78       900           20
  62.80       200           20
  62.92       900           20
  62.94       980           20
  62.96       850           20
  62.98      1020           20
  63.00       700           20
  63.02       180           20
  63.12        50           20
  63.14       580           20
  63.16       880           20
  63.18       350           20
  63.30       450           40
  63.34       400           20
  63.46       480           20
  63.48       820           40
  63.62       300           20
  63.64       980           60
  63.70       880           20
  63.72       820           20
  63.84       320           20
  63.86       950           40
  63.90       150           20
  64.00        80           20
  64.02       920           40
  64.06       300           20
  64.18       480           20
  64.20       280           40
  64.34       550           20
  64.36       780           20
  64.38       880           20
  64.40      1000           20
  64.42       900           20
  64.44       250           20
  64.56       550           20
  64.58       800           40
  64.72       480           20
  64.74       920           40
  64.78       100           20
  64.88       150           20
  64.90       950           20
  64.92       820           20
  64.94       280           20
  65.06       420           20
  65.08       480           20
  65.10       250           20
  65.28       520           20
  65.30       780           20
  65.32       550           20
  65.44       580           20
  65.46       820           20
  65.48       620           20
  65.60       200           20
  65.62       580           20
  65.64       320           20
  65.66        50           20
  65.76       200           20
  65.78      1020           20
  65.80       900           20
  65.82       220           20
  65.98       200           20
  66.00       950           20
  66.02       900           20
  66.04       200           20
  66.16       900           40
  66.20       300           20
  66.32       520           20
  66.34       800           20
  66.36       620           20
  66.48       480           20
  66.50       980           20
  66.52       900           20
  66.70       480           20
  66.72       900           40
  66.86       150           20
  66.88       350           20
  66.90       480           20
  66.92        80           20
  67.02       150           20
  67.04       780           20
  67.06       950           20
  67.08       450           20
  67.20       420           20
  67.22       820           20
  67.24       500           20
  67.42       420           20
  67.44       550           20
  67.46       320           20
  67.58       350           20
  67.60       520          100
  67.70       680          100
  67.80       780          100
  67.90       880           20
  67.92      1050          320
  68.24       120           20
  69.74       150           20
  69.76       380           80
  69.84       520           40
  69.88       580           20
  69.90       450           20
  69.92       780           20
  69.94       200           20
  70.06       900           20
  70.08       980           20
  70.10       450           20
  70.22       850           20
  70.24       750           20
  70.26       850           20
  70.28       800           40
  70.32       300           20
  70.44       720           20
  70.46       900           20
  70.48       620           20
  70.60       450           20
  70.62       820           20
  70.64       720           20
  70.76       220           20
  70.78       950           20
  70.80       750           20
  70.82       120           20
  70.94       920           20
  70.96       820           20
  70.98       920           20
  71.00       700           20
  71.02       880           20
  71.04       150           20
  71.16       780           20
  71.18       950           20
  71.20       300           20
  71.32       720           20
  71.34       900           20
  71.36       280           20
  71.48       450           20
  71.50       720           40
  71.64        80           20
  71.66       550           20
  71.68       500           20
  71.70        80           20
  71.86       380           20
  71.88       800           20
  71.90       700           20
  71.92       120           20
  72.02       120           20
  72.04       880           20
  72.06       820           20
  72.08       320           20
  72.20       980           40
  72.24       250           20
  72.36       600           20
  72.38      1020           20
  72.40       720           20
  72.58       700           20
  72.60       920           20
  72.62       720           20
  72.74       580           20
  72.76       850           20
  72.78       980           20
  72.90       220           20
  72.92       400           20
  72.94       450           20
  72.96       120           20
  73.08       580           20
  73.10       750           20
  73.12       480           20
  73.30       780           40
  73.34       400           20
  73.46       250           20
  73.48       550           20
  73.50       200           20
  73.62       280           20
  73.64       900           20
  73.66       980           20
  73.78       380           20
  73.80       800           40
  73.84       250           20
  74.00       120           20
  74.02       420           40
  74.06       100           20
  74.18       900           40
  74.22       300           20
  74.34       900           20
  74.36       850           20
  74.38       700           20
  74.50       150           20
  74.52       450           20
  74.54       500           20
  74.72       380           20
  74.74       980           20
  74.76       750           20
  74.88       200           20
  74.90       750           20
  74.92       850           20
  74.94       100           20
  75.06       320           20
  75.08       550           20
  75.10       180           20
  75.22       680           20
  75.24       920           20
  75.26       500           20
  75.44       720           20
  75.46       520           40
  75.60       620           20
  75.62       950           20
  75.64       820           20
  75.76       280           20
  75.78       950           20
  75.80       700           20
  75.82        80           20
  75.92        50           20
  75.94       300           20
  75.96       480           20
  75.98       180           20
  76.10       650           20
  76.12       980           20
  76.14       720           20
  76.16       800           20
  76.18       920           20
  76.20       320           20
  76.32       650           20
  76.34       950           20
  76.36       450           20
  76.48       650           20
  76.50       700           20
  76.52       800           20
  76.64       350           20
  76.66       900           20
  76.68       680           20
  76.70        20           20
  76.80       180           20
  76.82      1050           20
  76.84       780           60
  76.90       900           20
  77.02       200           20
  77.04      1000           20
  77.06       800           20
  77.08       250           20
  77.18        50           20
  77.20       520           20
  77.22       380           20
  77.24       200           20
  77.36       750           20
  77.38       920           20
  77.40       680           20
  77.52       550           20
  77.54       820           20
  77.56       920           20
  77.58      1000           20
  77.60       680           20
  77.62       780           20
  77.74       220           20
  77.76       420           20
  77.78       300           20
  77.90       380           20
  77.92       780           40
  77.96       180           20
  78.06        50           20
  78.08       950           20
  78.10       820           20
  78.12       420           20
  78.24       750           40
  78.28       580           20
  78.46       700           20
